1 13 1.0
1 14 5.0
1 18 2.0
1 22 3.0
1 25 2.0
1 33 20.0
1 36 2.0
1 40 2.0
1 41 2.0
1 42 5.0
1 47 1.0
1 49 18.0
1 50 2.0
1 52 2.0
1 55 3.0
1 57 5.0
1 64 3.0
1 75 1.0
1 77 5.0
1 78 1.0
1 79 1.0
1 80 5.0
1 81 2.0
2 4 1.0
2 5 3.0
2 7 5.0
2 12 2.0
2 19 2.0
2 24 3.0
2 25 3.0
2 26 5.0
2 27 14.0
2 28 2.0
2 29 1.0
2 32 2.0
2 35 10.0
2 36 3.0
2 37 3.0
2 38 2.0
2 39 2.0
2 42 2.0
2 46 2.0
2 48 5.0
2 53 2.0
2 58 12.0
2 60 4.0
2 61 1.0
2 68 1.0
2 69 1.0
2 73 2.0
2 74 4.0
3 4 1.0
3 6 2.0
3 9 7.0
3 11 43.0
3 14 2.0
3 16 2.0
3 17 2.0
3 18 8.0
3 21 8.0
3 22 8.0
3 31 3.0
3 40 4.0
3 41 6.0
3 45 9.0
3 47 5.0
3 50 7.0
3 51 2.0
3 52 3.0
3 53 2.0
3 54 3.0
3 56 1.0
3 57 2.0
3 59 32.0
3 60 1.0
3 62 5.0
3 63 5.0
3 67 3.0
3 72 5.0
3 76 3.0
3 78 11.0
3 79 2.0
3 80 2.0
4 5 1.0
4 10 1.0
4 14 2.0
4 15 8.0
4 17 11.0
4 18 2.0
4 20 5.0
4 21 1.0
4 29 1.0
4 31 1.0
4 32 2.0
4 33 1.0
4 36 2.0
4 37 2.0
4 39 1.0
4 40 3.0
4 44 1.0
4 47 9.0
4 50 1.0
4 54 1.0
4 60 1.0
4 63 1.0
4 64 6.0
4 66 2.0
4 67 2.0
4 68 1.0
4 69 1.0
4 73 2.0
4 74 1.0
4 75 4.0
4 76 1.0
4 79 3.0
5 7 2.0
5 12 20.0
5 19 1.0
5 21 3.0
5 24 2.0
5 26 3.0
5 27 2.0
5 32 1.0
5 35 3.0
5 37 1.0
5 38 2.0
5 39 1.0
5 40 3.0
5 46 1.0
5 48 20.0
5 55 3.0
5 58 5.0
5 60 1.0
5 69 20.0
5 73 2.0
5 74 3.0
5 77 3.0
6 50 7.0
6 56 2.0
6 57 5.0
6 67 5.0
6 78 3.0
7 12 3.0
7 13 1.0
7 19 3.0
7 23 3.0
7 25 1.0
7 26 3.0
7 27 5.0
7 28 1.0
7 32 2.0
7 37 5.0
7 38 1.0
7 39 3.0
7 46 1.0
7 48 2.0
7 53 4.0
7 58 18.0
7 60 22.0
7 68 5.0
7 69 2.0
7 73 1.0
7 74 1.0
7 79 1.0
8 10 2.0
8 14 3.0
8 21 1.0
8 33 10.0
8 38 2.0
8 43 1.0
8 47 1.0
8 49 5.0
8 53 7.0
8 62 2.0
8 74 2.0
8 80 4.0
9 11 2.0
9 12 3.0
9 17 1.0
9 19 4.0
9 22 4.0
9 28 2.0
9 31 4.0
9 40 3.0
9 41 4.0
9 45 3.0
9 47 3.0
9 50 1.0
9 52 3.0
9 53 3.0
9 54 2.0
9 56 1.0
9 59 1.0
9 61 3.0
9 62 6.0
9 63 5.0
9 64 1.0
9 67 4.0
9 71 1.0
9 72 6.0
9 75 3.0
9 76 2.0
9 78 3.0
9 79 6.0
9 80 6.0
9 81 6.0
10 12 3.0
10 15 5.0
10 25 18.0
10 26 12.0
10 27 3.0
10 28 25.0
10 32 5.0
10 37 5.0
10 38 5.0
10 39 23.0
10 46 12.0
10 48 10.0
10 53 3.0
10 58 5.0
10 60 6.0
10 61 10.0
10 68 5.0
10 69 4.0
10 74 5.0
11 13 3.0
11 14 2.0
11 17 2.0
11 18 3.0
11 21 4.0
11 22 9.0
11 23 1.0
11 31 4.0
11 33 1.0
11 36 2.0
11 40 2.0
11 41 4.0
11 45 8.0
11 47 2.0
11 50 1.0
11 52 3.0
11 53 3.0
11 54 4.0
11 56 1.0
11 57 3.0
11 59 4.0
11 62 4.0
11 63 6.0
11 64 2.0
11 66 1.0
11 67 2.0
11 68 1.0
11 70 1.0
11 71 3.0
11 72 5.0
11 76 3.0
11 78 2.0
11 79 1.0
11 81 1.0
12 15 1.0
12 19 7.0
12 23 2.0
12 24 2.0
12 25 4.0
12 26 5.0
12 27 2.0
12 28 3.0
12 32 7.0
12 34 1.0
12 35 6.0
12 37 4.0
12 38 4.0
12 39 5.0
12 41 1.0
12 45 1.0
12 46 3.0
12 48 23.0
12 51 3.0
12 53 2.0
12 58 3.0
12 60 20.0
12 61 7.0
12 68 16.0
12 69 52.0
12 73 10.0
12 74 14.0
12 78 1.0
13 14 1.0
13 17 3.0
13 18 2.0
13 21 3.0
13 22 3.0
13 31 3.0
13 36 12.0
13 40 7.0
13 41 2.0
13 44 1.0
13 45 6.0
13 47 10.0
13 49 3.0
13 50 1.0
13 52 9.0
13 54 3.0
13 59 3.0
13 62 5.0
13 63 2.0
13 64 20.0
13 65 1.0
13 66 4.0
13 67 4.0
13 71 15.0
13 76 2.0
13 77 2.0
13 78 1.0
13 79 1.0
13 81 3.0
14 18 7.0
14 21 1.0
14 33 4.0
14 38 3.0
14 42 4.0
14 43 1.0
14 44 2.0
14 47 1.0
14 49 10.0
14 50 2.0
14 55 1.0
14 56 2.0
14 63 1.0
14 72 1.0
15 17 2.0
15 20 5.0
15 37 2.0
15 39 1.0
15 47 5.0
15 51 2.0
15 53 2.0
15 56 1.0
15 60 2.0
15 66 2.0
15 68 1.0
15 75 10.0
15 78 2.0
17 20 6.0
17 21 2.0
17 22 1.0
17 31 18.0
17 32 2.0
17 33 2.0
17 36 2.0
17 40 6.0
17 41 1.0
17 42 1.0
17 44 1.0
17 47 20.0
17 52 2.0
17 54 6.0
17 57 20.0
17 62 18.0
17 63 8.0
17 64 2.0
17 65 8.0
17 66 2.0
17 67 25.0
17 72 5.0
17 75 10.0
17 76 7.0
17 78 3.0
17 79 6.0
17 80 2.0
17 81 3.0
18 21 30.0
18 22 14.0
18 30 8.0
18 31 2.0
18 32 4.0
18 36 3.0
18 40 2.0
18 45 4.0
18 51 29.0
18 52 1.0
18 54 6.0
18 56 7.0
18 59 9.0
18 61 9.0
18 62 1.0
18 64 1.0
18 66 3.0
18 72 2.0
18 75 3.0
18 76 3.0
18 78 4.0
19 25 2.0
19 26 2.0
19 27 10.0
19 28 10.0
19 32 3.0
19 33 1.0
19 37 2.0
19 38 3.0
19 39 18.0
19 46 2.0
19 48 5.0
19 49 2.0
19 53 4.0
19 58 10.0
19 60 15.0
19 61 6.0
19 62 2.0
19 65 3.0
19 66 2.0
19 68 2.0
19 69 10.0
19 73 21.0
19 74 4.0
20 32 2.0
20 44 25.0
20 47 12.0
20 54 15.0
20 56 2.0
20 60 1.0
20 61 2.0
20 66 25.0
20 75 10.0
21 22 6.0
21 24 1.0
21 26 3.0
21 31 2.0
21 36 20.0
21 40 8.0
21 41 7.0
21 45 3.0
21 47 2.0
21 52 2.0
21 54 2.0
21 55 3.0
21 56 1.0
21 59 10.0
21 60 1.0
21 66 2.0
21 71 1.0
21 76 4.0
21 77 3.0
21 78 15.0
21 80 3.0
22 26 1.0
22 30 1.0
22 31 5.0
22 32 50.0
22 33 2.0
22 36 60.0
22 37 1.0
22 39 1.0
22 40 8.0
22 41 80.0
22 42 13.0
22 44 4.0
22 45 120.0
22 47 3.0
22 49 11.0
22 50 1.0
22 52 4.0
22 54 2.0
22 56 3.0
22 59 11.0
22 62 10.0
22 63 15.0
22 64 6.0
22 66 2.0
22 67 9.0
22 69 2.0
22 71 3.0
22 72 7.0
22 74 1.0
22 76 3.0
22 78 12.0
22 79 2.0
22 80 1.0
22 81 2.0
23 30 1.0
23 32 10.0
23 44 2.0
23 48 2.0
23 51 2.0
23 53 2.0
23 56 3.0
23 58 2.0
23 60 2.0
23 61 2.0
23 66 2.0
23 68 5.0
23 69 2.0
24 25 2.0
24 26 10.0
24 29 2.0
24 32 1.0
24 35 10.0
24 37 2.0
24 39 1.0
24 41 1.0
24 45 1.0
24 48 1.0
24 53 1.0
24 58 3.0
24 60 1.0
24 68 1.0
24 69 1.0
24 70 2.0
24 74 8.0
24 78 1.0
25 27 3.0
25 32 1.0
25 36 3.0
25 48 3.0
25 53 2.0
25 73 1.0
25 74 1.0
26 27 10.0
26 28 3.0
26 32 5.0
26 35 8.0
26 37 1.0
26 38 5.0
26 39 2.0
26 40 3.0
26 43 2.0
26 46 3.0
26 48 10.0
26 51 3.0
26 53 2.0
26 55 3.0
26 56 5.0
26 58 3.0
26 59 1.0
26 60 3.0
26 61 1.0
26 68 10.0
26 69 2.0
26 70 2.0
26 73 5.0
26 74 3.0
26 77 3.0
27 28 5.0
27 29 1.0
27 32 2.0
27 33 1.0
27 35 3.0
27 36 3.0
27 37 1.0
27 38 3.0
27 39 5.0
27 42 2.0
27 46 2.0
27 48 10.0
27 53 2.0
27 58 9.0
27 60 4.0
27 68 1.0
27 69 1.0
27 73 10.0
27 74 3.0
28 32 1.0
28 38 1.0
28 39 12.0
28 46 2.0
28 48 3.0
28 58 3.0
28 60 3.0
28 61 3.0
28 62 1.0
28 69 5.0
28 73 15.0
29 30 2.0
29 34 1.0
29 35 2.0
29 39 1.0
29 46 6.0
29 48 2.0
29 50 2.0
29 68 2.0
29 69 2.0
29 70 12.0
29 73 5.0
29 76 1.0
30 32 2.0
30 37 7.0
30 44 2.0
30 45 1.0
30 50 1.0
30 51 15.0
30 56 25.0
30 58 2.0
30 61 20.0
30 66 1.0
30 68 2.0
30 69 1.0
30 73 1.0
30 74 1.0
30 76 1.0
31 33 1.0
31 36 1.0
31 39 5.0
31 40 2.0
31 41 3.0
31 42 1.0
31 45 14.0
31 46 5.0
31 47 3.0
31 52 5.0
31 54 7.0
31 57 10.0
31 59 3.0
31 62 5.0
31 63 5.0
31 64 3.0
31 65 2.0
31 66 5.0
31 67 3.0
31 71 5.0
31 72 1.0
31 75 1.0
31 76 20.0
31 78 3.0
31 79 1.0
31 80 14.0
31 81 1.0
32 37 5.0
32 38 1.0
32 41 6.0
32 44 2.0
32 45 5.0
32 46 1.0
32 48 2.0
32 50 1.0
32 51 5.0
32 53 2.0
32 56 4.0
32 60 2.0
32 61 2.0
32 62 2.0
32 63 1.0
32 64 1.0
32 66 1.0
32 68 20.0
32 69 2.0
32 70 1.0
32 72 1.0
32 73 1.0
32 74 2.0
32 77 1.0
32 79 1.0
32 81 1.0
33 35 4.0
33 42 19.0
33 44 4.0
33 45 2.0
33 49 21.0
33 52 4.0
33 53 5.0
33 55 2.0
33 75 1.0
33 76 2.0
33 78 1.0
33 79 2.0
33 80 1.0
34 35 7.0
34 37 2.0
34 43 35.0
34 44 1.0
34 46 30.0
34 48 3.0
34 69 1.0
34 70 4.0
34 73 5.0
35 37 2.0
35 46 2.0
35 48 6.0
35 53 1.0
35 58 2.0
35 61 1.0
35 69 2.0
35 73 3.0
35 74 7.0
36 40 5.0
36 41 3.0
36 42 2.0
36 44 1.0
36 45 10.0
36 47 1.0
36 48 2.0
36 49 2.0
36 52 20.0
36 54 2.0
36 57 5.0
36 59 3.0
36 62 3.0
36 63 3.0
36 64 7.0
36 66 1.0
36 67 5.0
36 71 5.0
36 72 2.0
36 75 2.0
36 76 2.0
36 77 5.0
36 78 2.0
37 39 2.0
37 40 2.0
37 41 1.0
37 42 2.0
37 45 1.0
37 48 3.0
37 51 5.0
37 53 5.0
37 54 4.0
37 56 5.0
37 58 5.0
37 60 5.0
37 62 2.0
37 68 6.0
37 69 3.0
37 70 3.0
37 72 1.0
37 73 3.0
37 78 1.0
37 79 3.0
38 40 1.0
38 43 2.0
38 44 1.0
38 48 3.0
38 49 1.0
38 61 1.0
38 62 1.0
38 68 2.0
38 69 1.0
38 73 1.0
38 74 21.0
39 46 2.0
39 48 3.0
39 58 6.0
39 60 30.0
39 66 1.0
39 68 1.0
39 69 2.0
39 73 14.0
39 74 1.0
40 41 3.0
40 42 2.0
40 49 2.0
40 52 6.0
40 55 3.0
40 57 3.0
40 59 3.0
40 62 4.0
40 64 3.0
40 66 2.0
40 67 3.0
40 72 3.0
40 76 2.0
40 77 8.0
40 78 5.0
40 80 1.0
40 81 4.0
41 45 14.0
41 47 2.0
41 52 2.0
41 57 1.0
41 59 2.0
41 62 4.0
41 63 2.0
41 64 1.0
41 66 1.0
41 67 1.0
41 72 2.0
41 76 2.0
41 77 1.0
41 78 1.0
42 44 1.0
42 45 3.0
42 47 1.0
42 48 1.0
42 49 25.0
42 50 5.0
42 52 2.0
42 53 2.0
42 54 1.0
42 55 6.0
42 56 2.0
42 59 1.0
42 62 1.0
42 63 1.0
42 64 2.0
42 71 1.0
42 72 1.0
42 75 1.0
42 77 2.0
42 78 2.0
42 79 1.0
42 80 2.0
42 81 1.0
43 46 50.0
43 74 4.0
44 47 2.0
44 51 3.0
44 52 1.0
44 54 2.0
44 55 1.0
44 56 1.0
44 61 1.0
44 66 20.0
44 69 1.0
45 47 2.0
45 49 2.0
45 52 2.0
45 54 1.0
45 62 10.0
45 63 2.0
45 64 2.0
45 67 1.0
45 71 2.0
45 76 5.0
45 80 2.0
45 81 1.0
46 48 5.0
46 58 2.0
46 68 2.0
46 69 2.0
46 70 15.0
46 71 3.0
46 73 3.0
46 74 2.0
46 75 1.0
46 79 1.0
47 49 1.0
47 50 3.0
47 52 1.0
47 53 1.0
47 54 22.0
47 57 7.0
47 58 1.0
47 59 2.0
47 62 4.0
47 63 3.0
47 64 4.0
47 66 5.0
47 67 6.0
47 71 1.0
47 75 6.0
47 76 4.0
47 77 2.0
47 78 2.0
47 79 13.0
47 80 10.0
47 81 1.0
49 50 7.0
49 53 2.0
49 55 3.0
49 56 2.0
49 62 2.0
49 64 1.0
49 66 2.0
49 77 2.0
50 54 1.0
50 55 5.0
50 56 5.0
50 76 1.0
50 79 1.0
51 53 1.0
51 54 3.0
51 56 35.0
51 61 45.0
51 62 5.0
51 68 2.0
51 69 1.0
52 54 2.0
52 59 3.0
52 62 20.0
52 64 14.0
52 67 8.0
52 71 15.0
52 76 4.0
52 77 3.0
52 78 1.0
52 79 2.0
52 81 1.0
53 56 1.0
53 58 3.0
53 60 2.0
53 62 2.0
53 64 1.0
53 68 1.0
53 69 1.0
53 70 1.0
53 72 1.0
53 74 1.0
53 75 1.0
53 76 2.0
53 78 1.0
53 80 1.0
53 81 1.0
54 57 13.0
54 59 4.0
54 64 4.0
54 66 7.0
54 67 3.0
54 71 4.0
54 72 3.0
54 76 5.0
54 78 1.0
54 79 8.0
54 80 10.0
55 56 2.0
55 64 1.0
55 75 2.0
55 77 3.0
55 78 2.0
56 61 5.0
56 62 1.0
56 67 1.0
56 68 3.0
56 70 1.0
56 77 1.0
57 62 3.0
57 63 1.0
57 65 2.0
57 67 15.0
57 76 3.0
57 80 15.0
58 60 20.0
58 68 2.0
58 69 3.0
58 73 3.0
58 74 1.0
58 79 2.0
58 80 1.0
59 63 6.0
59 64 6.0
59 67 2.0
59 72 10.0
59 76 12.0
59 78 16.0
60 69 8.0
60 73 25.0
61 62 6.0
61 66 5.0
61 68 4.0
61 69 5.0
61 73 8.0
61 74 1.0
61 76 1.0
62 63 4.0
62 64 1.0
62 65 1.0
62 66 1.0
62 67 8.0
62 68 1.0
62 71 1.0
62 72 4.0
62 75 1.0
62 76 4.0
62 77 1.0
62 78 1.0
62 79 1.0
62 80 4.0
62 81 4.0
63 65 2.0
63 67 15.0
63 72 30.0
63 76 3.0
63 78 10.0
63 80 3.0
64 67 2.0
64 69 1.0
64 71 15.0
64 72 1.0
64 77 1.0
64 79 2.0
64 81 1.0
65 72 5.0
65 76 18.0
66 68 9.0
66 71 4.0
66 73 4.0
66 75 2.0
66 78 6.0
66 79 6.0
67 70 1.0
67 71 1.0
67 72 2.0
67 76 1.0
67 78 1.0
67 80 8.0
68 69 4.0
68 70 1.0
68 73 2.0
68 74 4.0
68 79 1.0
69 73 12.0
69 74 3.0
69 81 2.0
70 74 1.0
71 72 3.0
71 76 1.0
71 77 5.0
71 79 3.0
71 81 1.0
72 76 4.0
72 78 20.0
72 81 2.0
73 74 10.0
73 77 2.0
73 78 3.0
73 79 8.0
75 79 1.0
76 78 1.0
76 79 1.0
76 80 10.0
77 78 1.0
78 79 3.0
79 80 2.0
80 81 1.0
